# Entfernung_von_oben Entfernung_von_unten Zeit_oben Zeit_unten
# cm                  cm                   mikro-sekunden mikro-sekunden
2.055                 6.000                15.2      44.4
1.825                 6.170                13.8      45.8
6.130                 1.310                45.6      10.6
5.420                 2.170                40.2      16.6
4.670                 2.995                34.6      23.0
3.895                 3.895                29.8      29.0
3.080                 4.650                23.4      34.9
2.340                 5.475                17.7      40.7
1.540                 6.290                11.8      46.7
0.705                 7.095                6.0       12.1
5.550                 1.490                41.3      52.7
